header: 
  seq: 4195
  stamp: 
    secs: 1506932516
    nsecs: 774564046
  frame_id: laser
angle_min: -2.35619449615
angle_max: 2.09234976768
angle_increment: 0.00613592332229
time_increment: 9.76562732831e-05
scan_time: 0.10000000149
range_min: 0.019999999553
range_max: 5.59999990463
ranges: [0.01899999938905239, 0.01899999938905239, 0.01899999938905239, 0.01899999938905239, 0.01899999938905239, 0.01899999938905239, 0.01899999938905239, 0.01899999938905239, 0.01899999938905239, 0.01899999938905239, 0.01899999938905239, 0.01899999938905239, 0.01899999938905239, 0.01899999938905239, 0.01899999938905239, 0.01899999938905239, 0.01899999938905239, 0.01899999938905239, 0.01899999938905239, 0.01899999938905239, 0.01899999938905239, 0.01899999938905239, 0.01899999938905239, 0.01899999938905239, 0.01899999938905239, 0.01899999938905239, 0.01899999938905239, 0.01899999938905239, 0.01899999938905239, 0.01899999938905239, 0.01899999938905239, 0.01899999938905239, 0.01899999938905239, 0.01899999938905239, 0.01899999938905239, 0.01899999938905239, 0.01899999938905239, 0.01899999938905239, 0.01899999938905239, 0.01899999938905239, 0.01899999938905239, 0.01899999938905239, 0.01899999938905239, 0.01899999938905239, nan, nan, nan, nan, nan, nan, nan, nan, nan, nan, nan, nan, nan, nan, nan, nan, nan, nan, nan, nan, nan, nan, nan, nan, nan, nan, nan, nan, nan, nan, nan, nan, nan, nan, nan, nan, nan, nan, nan, nan, nan, nan, nan, nan, nan, nan, nan, nan, nan, nan, nan, nan, nan, nan, nan, nan, nan, nan, nan, nan, nan, 2.640000104904175, 2.63700008392334, 2.634999990463257, 2.632999897003174, 2.630000114440918, 2.625, 2.61899995803833, 2.615999937057495, 2.615999937057495, 2.615999937057495, 2.611999988555908, 2.6050000190734863, 2.6050000190734863, 2.5999999046325684, 2.5950000286102295, 2.5889999866485596, 2.5889999866485596, 2.5880000591278076, 2.5880000591278076, 2.5859999656677246, 2.5859999656677246, 2.578000068664551, 2.575000047683716, 2.575000047683716, 2.572999954223633, 2.566999912261963, 2.565999984741211, 2.565000057220459, 2.565000057220459, 2.565000057220459, 2.562999963760376, 2.559999942779541, 2.555999994277954, 2.555000066757202, 2.555000066757202, 2.552000045776367, 2.555000066757202, 2.552000045776367, 2.552000045776367, 2.552000045776367, 2.5510001182556152, 2.5510001182556152, 2.5460000038146973, 2.5460000038146973, 2.5460000038146973, 2.5490000247955322, 2.5490000247955322, 2.556999921798706, 2.556999921798706, 2.556999921798706, 2.558000087738037, 2.559000015258789, 2.558000087738037, 2.556999921798706, 2.555999994277954, 2.555999994277954, 2.555999994277954, 2.555999994277954, 2.555999994277954, 2.559999942779541, 2.559999942779541, 2.561000108718872, 2.566999912261963, 2.566999912261963, 2.569000005722046, 2.569000005722046, 2.5769999027252197, 2.578000068664551, 2.578000068664551, 2.578000068664551, 2.5810000896453857, 2.5859999656677246, 2.5880000591278076, 2.5899999141693115, 2.5950000286102295, 2.5959999561309814, 2.6029999256134033, 2.6029999256134033, 2.6050000190734863, 2.609999895095825, 2.609999895095825, 2.611999988555908, 2.615999937057495, 2.621000051498413, 2.622999906539917, 2.625999927520752, 2.628000020980835, 2.638000011444092, 2.638000011444092, 2.638000011444092, 0.007000000216066837, 0.9089999794960022, 0.8450000286102295, 0.8119999766349792, 0.796999990940094, 0.796999990940094, 0.7710000276565552, 0.7519999742507935, 0.6430000066757202, 0.6370000243186951, 0.6259999871253967, 0.6179999709129333, 0.6169999837875366, 0.6169999837875366, 0.6169999837875366, 0.6169999837875366, 0.6169999837875366, 0.6169999837875366, 0.6050000190734863, 0.5979999899864197, 0.5979999899864197, 0.5709999799728394, 0.5529999732971191, 0.5509999990463257, 0.5339999794960022, 0.5339999794960022, 0.5339999794960022, 0.5339999794960022, 0.5350000262260437, 0.5350000262260437, 0.5360000133514404, 0.5360000133514404, 0.5370000004768372, 0.5370000004768372, 0.5419999957084656, 0.5429999828338623, 0.5460000038146973, 0.546999990940094, 0.5490000247955322, 0.5559999942779541, 0.5609999895095825, 0.5559999942779541, 0.5580000281333923, 0.5649999976158142, 0.5649999976158142, 0.5580000281333923, 0.5600000023841858, 0.5609999895095825, 0.5609999895095825, 0.5609999895095825, 0.5649999976158142, 0.5720000267028809, 0.5720000267028809, 0.5720000267028809, 0.5730000138282776, 0.5860000252723694, 0.5860000252723694, 0.5860000252723694, 0.5860000252723694, 0.5860000252723694, 0.5860000252723694, 0.5950000286102295, 0.597000002861023, 0.597000002861023, 0.6060000061988831, 0.6060000061988831, 0.6110000014305115, 0.6119999885559082, 0.6129999756813049, 0.640999972820282, 0.6430000066757202, 0.6489999890327454, 0.6520000100135803, 0.6520000100135803, 0.6520000100135803, 0.6589999794960022, 0.6639999747276306, 0.6639999747276306, 0.6629999876022339, 0.6629999876022339, 0.6600000262260437, 0.6570000052452087, 0.6510000228881836, 0.6510000228881836, 0.6510000228881836, 0.656000018119812, 0.6639999747276306, 0.6650000214576721, 0.6690000295639038, 0.6729999780654907, 0.6769999861717224, 0.6779999732971191, 0.6830000281333923, 0.6899999976158142, 0.6909999847412109, 0.7020000219345093, 0.7020000219345093, 0.703000009059906, 0.7250000238418579, 0.7289999723434448, 0.9200000166893005, 0.9269999861717224, 0.9409999847412109, 0.9480000138282776, 0.949999988079071, 0.9679999947547913, 0.9710000157356262, 0.9729999899864197, 0.9760000109672546, 0.9760000109672546, 0.9710000157356262, 0.6859999895095825, 0.6850000023841858, 0.6850000023841858, 0.6830000281333923, 0.6769999861717224, 0.6769999861717224, 0.6769999861717224, 0.6679999828338623, 0.6639999747276306, 0.6589999794960022, 0.6589999794960022, 0.6589999794960022, 0.6520000100135803, 0.6449999809265137, 0.640999972820282, 0.6380000114440918, 0.6349999904632568, 0.6349999904632568, 0.6349999904632568, 0.6309999823570251, 0.6309999823570251, 0.6330000162124634, 0.6259999871253967, 0.6209999918937683, 0.6190000176429749, 0.6159999966621399, 0.6159999966621399, 0.6190000176429749, 0.621999979019165, 0.621999979019165, 0.621999979019165, 0.609000027179718, 0.6079999804496765, 0.6000000238418579, 0.6000000238418579, 0.6039999723434448, 0.6039999723434448, 0.6039999723434448, 0.6039999723434448, 0.6060000061988831, 0.6060000061988831, 0.5979999899864197, 0.5899999737739563, 0.5899999737739563, 0.5899999737739563, 0.5899999737739563, 0.5929999947547913, 0.5929999947547913, 0.5929999947547913, 0.5910000205039978, 0.5910000205039978, 0.5839999914169312, 0.5839999914169312, 0.5789999961853027, 0.5789999961853027, 0.5820000171661377, 0.5820000171661377, 0.578000009059906, 0.5709999799728394, 0.5690000057220459, 0.5690000057220459, 0.5630000233650208, 0.5690000057220459, 0.5690000057220459, 0.5680000185966492, 0.5680000185966492, 0.5720000267028809, 0.5709999799728394, 0.5709999799728394, 0.5709999799728394, 0.5709999799728394, 0.5709999799728394, 0.5709999799728394, 0.5789999961853027, 0.5879999995231628, 0.6039999723434448, 0.6110000014305115, 0.6489999890327454, 0.6800000071525574, 0.6850000023841858, 0.6850000023841858, 0.6869999766349792, 0.6869999766349792, 0.6869999766349792, 0.6949999928474426, 0.6949999928474426, 0.6949999928474426, 0.6949999928474426, 0.6949999928474426, 0.6970000267028809, 0.6970000267028809, 0.6970000267028809, 0.6970000267028809, 0.6970000267028809, 0.6940000057220459, 0.6940000057220459, 0.6940000057220459, 0.6940000057220459, 0.7609999775886536, 0.824999988079071, nan, nan, nan, nan, nan, nan, nan, 0.006000000052154064, 0.006000000052154064, 0.006000000052154064, 0.006000000052154064, nan, nan, nan, 0.9490000009536743, 0.9490000009536743, 0.8650000095367432, 0.7910000085830688, 0.7329999804496765, 0.6759999990463257, 0.6349999904632568, 0.5899999737739563, 0.5879999995231628, 0.5419999957084656, 0.5080000162124634, 0.49900001287460327, 0.49000000953674316, 0.48399999737739563, 0.4659999907016754, 0.4580000042915344, 0.4440000057220459, 0.4429999887943268, 0.4429999887943268, 0.4440000057220459, 0.4490000009536743, 0.48500001430511475, 0.5009999871253967, 0.5059999823570251, 0.5120000243186951, 0.5120000243186951, 0.5120000243186951, 0.5120000243186951, 0.5080000162124634, 0.5080000162124634, 0.503000020980835, 0.503000020980835, 0.5109999775886536, 0.5189999938011169, 0.5210000276565552, 0.5339999794960022, 0.5339999794960022, 0.5410000085830688, nan, nan, nan, nan, nan, nan, 0.5049999952316284, 0.4909999966621399, 0.4909999966621399, 0.5049999952316284, 0.5170000195503235, 0.5239999890327454, 0.5239999890327454, 0.5239999890327454, 0.5379999876022339, 0.5299999713897705, 0.5299999713897705, 0.007000000216066837, nan, 0.007000000216066837, nan, nan, nan, nan, 0.007000000216066837, 0.5529999732971191, 0.546999990940094, 0.5519999861717224, 0.5519999861717224, 0.5519999861717224, 0.5519999861717224, 0.5519999861717224, 0.5519999861717224, 0.5479999780654907, 0.5479999780654907, 0.5529999732971191, 0.5529999732971191, 0.5529999732971191, nan, nan, nan, nan, nan, nan, nan, nan, nan, nan, nan, nan, nan, 0.621999979019165, 0.621999979019165, 0.6169999837875366, 0.6169999837875366, 0.6169999837875366, 0.6169999837875366, 0.6119999885559082, 0.6100000143051147, 0.6100000143051147, 0.6100000143051147, 0.6100000143051147, 0.6190000176429749, 0.6290000081062317, 0.6420000195503235, 0.6510000228881836, 0.652999997138977, 0.6539999842643738, 0.6539999842643738, 0.6539999842643738, 0.6549999713897705, 0.656000018119812, 0.6710000038146973, 0.6740000247955322, 0.6769999861717224, 0.6919999718666077, 0.6919999718666077, 0.6949999928474426, 0.6919999718666077, 0.6919999718666077, 0.6909999847412109, 0.6899999976158142, 0.6890000104904175, 0.6899999976158142, 0.6909999847412109, 0.7490000128746033, 0.7540000081062317, 0.7570000290870667, 0.7620000243186951, 0.7720000147819519, 0.7730000019073486, 0.7720000147819519, 0.7720000147819519, 0.7720000147819519, 0.7730000019073486, 0.781000018119812, 0.7900000214576721, 0.7910000085830688, 0.7910000085830688, 0.7910000085830688, 0.7860000133514404, 0.7860000133514404, 0.7860000133514404, 0.7929999828338623, 0.796999990940094, 0.7979999780654907, 0.796999990940094, 0.7929999828338623, 0.7789999842643738, 0.7760000228881836, 0.7760000228881836, 0.7760000228881836, 0.7799999713897705, 0.7799999713897705, 0.7940000295639038, 0.7940000295639038, 0.7940000295639038, 0.8040000200271606, 0.8149999976158142, 0.8399999737739563, nan, nan, nan, nan, nan, nan, nan, nan, nan, nan, 1.8890000581741333, 1.8890000581741333, 1.8890000581741333, nan, nan, nan, nan, nan, nan, nan, nan, nan, nan, nan, nan, nan, nan, nan, nan, nan, 0.007000000216066837, nan, nan, nan, nan, nan, nan, 0.007000000216066837, 1.0700000524520874, 1.069000005722046, 1.0700000524520874, 1.0700000524520874, nan, nan, nan, nan, nan, 0.8320000171661377, 0.8320000171661377, 0.8320000171661377, 0.8320000171661377, nan, nan, nan, nan, nan, nan, nan, nan, nan, 4.374000072479248, 4.367000102996826, 4.363999843597412, 4.363999843597412, 4.363999843597412, 4.363999843597412, 4.355999946594238, 4.355999946594238, 4.355999946594238, 4.3520002365112305, 4.357999801635742, 4.357999801635742, 4.35699987411499, 4.35699987411499, 4.35699987411499, 4.348999977111816, 4.3429999351501465, 4.341000080108643, 4.331999778747559, 4.331999778747559, 4.334000110626221, 4.334000110626221, 4.335999965667725, 4.335999965667725, 4.335999965667725, 4.335999965667725, 4.334000110626221, 4.334000110626221, 4.340000152587891, 4.343999862670898, 4.343999862670898, 4.343999862670898, 4.3480000495910645, 4.335999965667725, 4.335000038146973, 4.335999965667725, 4.35099983215332, 4.35099983215332, 4.355000019073486, 4.355000019073486, 4.355000019073486, 4.368000030517578, 4.368000030517578, 4.373000144958496, 4.374000072479248, 4.389999866485596, 4.389999866485596, 4.389999866485596, 4.395999908447266, 4.395999908447266, 4.413000106811523, 4.414000034332275, 4.418000221252441, 4.419000148773193, 4.422999858856201, 4.438000202178955, 4.453000068664551, 4.453999996185303, 4.453999996185303, 4.466000080108643, 4.465000152587891, 4.468999862670898, 4.493000030517578, 4.49399995803833, 4.505000114440918, 4.514999866485596, 4.515999794006348, 4.5289998054504395, 4.5289998054504395, 4.554999828338623, 4.554999828338623, 4.557000160217285, 4.560999870300293, 4.572999954223633, 4.5920000076293945, 4.604000091552734, 4.61299991607666, 4.620999813079834, 4.632999897003174, 4.664000034332275, 4.664000034332275, 4.669000148773193, 4.669000148773193, 4.669000148773193, 4.664000034332275, 1.3630000352859497, 1.3630000352859497, 1.3619999885559082]
intensities: []
---
